5.864605101988360936e+00
2.804633469492150866e+00
2.510203315254855294e+00
1.502400121541547007e+00
1.587349897219156203e+00
1.305575575609456918e+00
1.255607932520291126e+00
1.226243509554962197e+00
1.145135353285705371e+00
1.101407062312610874e+00
1.035341833927656552e+00
1.080844071746306367e+00
1.051308845018767535e+00
3.015043092192762231e+00
3.997772510189895878e-01
5.578933347524299702e-01
4.553740672673171896e-02
1.690350957652361208e-01
2.280640254643413051e-02
4.926887386063905083e-02
5.608131040753743662e-02
7.113184300152966544e-03
-1.225923073982590483e-02
-2.415789497909832939e-02
2.537587526416534064e-03
-2.441813369999328628e-03
2.506343506451703777e-03
-1.470914916575118747e+00
5.185292542635041579e-01
9.319882280471476861e+02
1.437882705383557724e-01
4.215781332806070036e-01
1.184979878040070162e+03
0.000000000000000000e+00
3.873404255319148604e+01
4.440193057724056702e-01
