1.166349784138030810e+00
6.347276316862949797e-01
4.952147397664795059e-01
3.543818474065359991e-01
4.484512262856409359e-01
3.310473849786058076e-01
2.879636230791815521e-01
2.487780005604421363e-01
2.445129313553800199e-01
2.567432468533678014e-01
2.077547530877419946e-01
2.363373255765735814e-01
1.968561931382943053e-01
9.027118577727658577e-01
4.203732771141307500e-01
2.837754831839109926e-01
2.015690685442908248e-01
1.747288502195277204e-01
1.487802858840164832e-01
1.232060206232305777e-01
1.088508641728790360e-01
9.535418683247764982e-02
1.147200212672661174e-01
9.371949062333717606e-02
8.520833750221497305e-02
8.782750969356692416e-02
1.478728925128967473e-03
1.093759047480460517e-01
1.027758510342799136e-01
5.375315294980778162e+02
9.151429988550369155e-02
8.154954774174831555e-02
4.159014478268223911e+02
0.000000000000000000e+00
8.205700576771979726e+00
3.336212679594826036e-01
